0 0.36515410958904104 0.0820847602739726 0.07277397260273971 0.08347602739726027
0 0.6878210616438356 0.1660958904109589 0.15946061643835618 0.1637414383561644
0 0.634310787671233 0.08101455479452055 0.08454623287671237 0.07063356164383562
0 0.7943065068493151 0.06442636986301369 0.15625 0.12521404109589043
0 0.7348442033875431 0.4846994884101492 0.15103077130710574 0.17721917386463315
0 0.11747645547945207 0.9528253424657533 0.16817208904109587 0.09122431506849316
0 0.8952432266009853 0.7224445812807881 0.0715825123152708 0.08004926108374377
0 0.6766471674876846 0.2771705665024632 0.05772783251231528 0.07158251231527096
0 0.7547721674876848 0.30141625615763556 0.07235221674876857 0.07081280788177341
0 0.8455972906403939 0.3060344827586208 0.06311576354679793 0.060036945812807885
