0 0.8413639162561577 0.16864224137931044 0.0685036945812808 0.0654248768472907
0 0.8105757389162562 0.1505541871921183 0.059267241379310276 0.06003694581280787
0 0.754387315270936 0.08666871921182276 0.0638854679802956 0.06619458128078816
0 0.5815886699507389 0.44727524630541876 0.10314039408866993 0.09621305418719206
0 0.48037253694581283 0.4765240147783252 0.09929187192118222 0.10083128078817732
0 0.6062192118226601 0.5762007389162562 0.09852216748768461 0.08620689655172409
0 0.9706742610837439 0.3729987684729065 0.05310960591133007 0.056958128078817616
0 0.526554802955665 0.29525862068965525 0.05772783251231517 0.06311576354679799
0 0.4618996305418719 0.2567733990147784 0.05772783251231528 0.0569581280788177
0 0.39685960591133007 0.26100677339901485 0.06003694581280783 0.056188423645320174
