0 0.5877463054187193 0.2983374384236454 0.07389162561576357 0.07235221674876846
0 0.6316194581280788 0.5785098522167487 0.0908251231527093 0.0877463054187192
0 0.5631157635467982 0.14401169950738923 0.07389162561576357 0.07158251231527094
0 0.5096213054187192 0.09051724137931044 0.07927955665024622 0.07389162561576355
0 0.8752309113300492 0.19673645320197053 0.08235837438423654 0.08004926108374388
0 0.8009467364532019 0.03217364532019709 0.08314347290640389 0.06434729064039418
0 0.967045104679803 0.251412407635468 0.0627847906403941 0.0878001847290639
0 0.1309267241379311 0.20366379310344834 0.06080665024630541 0.06465517241379312
0 0.10283251231527099 0.18557573891625626 0.05387931034482757 0.05157019704433502
0 0.05241687192118234 0.13015701970443358 0.06234605911330044 0.06234605911330049
0 0.27255233990147787 0.39916871921182273 0.06080665024630544 0.05695812807881773
