0 0.4187024111675127 0.21644987309644667 0.09121192893401014 0.08565989847715733
0 0.4365482233502538 0.3132138324873096 0.0983502538071066 0.09676395939086296
0 0.5583099947488186 0.3235569800080018 0.14200070015753552 0.11427766559975999
0 0.6598191624365483 0.07289022842639592 0.07534898477157359 0.08090101522842641
0 0.780377538071066 0.4968274111675127 0.08328045685279184 0.08645304568527923
0 0.5297430203045685 0.8914181472081217 0.10390228426395925 0.10628172588832474
0 0.42425444162436554 0.9382138324873095 0.1007296954314722 0.11104060913705582
0 0.6150063451776651 0.889831852791878 0.09200507614213194 0.08565989847715727
0 0.909263959390863 0.5888324873096447 0.09517766497461921 0.10072969543147214
0 0.7042354060913705 0.11532360406091369 0.04996827411167515 0.05631345177664976
0 0.3088515228426396 0.9620082487309645 0.10469543147208116 0.06979695431472077
0 0.9808651477832513 0.6658713054187193 0.039624384236453314 0.10083128078817738
0 0.20135467980295568 0.4314963054187192 0.04926108374384233 0.05387931034482757
