0 0.7278325123152709 0.04702894088669961 0.0923645320197044 0.09159482758620688
0 0.6131465517241379 0.03779248768472916 0.0877463054187193 0.07004310344827586
0 0.5065424876847291 0.42418411330049266 0.08235837438423643 0.08389778325123148
0 0.5203971674876848 0.5442580049261084 0.11314655172413796 0.10391009852216754
0 0.40340209359605916 0.47229064039408875 0.09775246305418711 0.08620689655172425
0 0.32874076354679804 0.5650400246305419 0.08851600985221675 0.1069889162561577
0 0.23175800492610843 0.6427801724137931 0.09621305418719209 0.09775246305418717
0 0.08974753694581289 0.030480295566502568 0.11237684729064039 0.056958128078817734
0 0.04371921182266014 0.04371921182266015 0.08743842364532028 0.0874384236453203
0 0.488454433497537 0.021243842364532122 0.0877463054187192 0.03848522167487684
