0 0.2684010152284264 0.3350253807106599 0.07138324873096452 0.07217639593908626
0 0.9148159898477157 0.9167988578680202 0.09041878172588835 0.09359137055837563
0 0.8196383248730965 0.33661167512690354 0.07296954314720827 0.07693527918781728
0 0.8914181472081218 0.17401649746192893 0.061072335025380786 0.06265862944162437
0 0.21367385786802032 0.18631027918781723 0.08724619289340102 0.07931472081218274
0 0.15141180203045684 0.20812182741116747 0.07693527918781726 0.07217639593908629
0 0.5543305837563451 0.08835659898477155 0.05314086294416254 0.056313451776649745
0 0.5860564720812182 0.13396256345177665 0.04679568527918776 0.05393401015228429
0 0.8525539340101522 0.030853426395939063 0.0721763959390862 0.05869289340101523
0 0.8525539340101523 0.10937499999999999 0.06900380710659904 0.06503807106598983
