0 0.4280326354679803 0.41956588669950745 0.11468596059113295 0.10544950738916248
0 0.3187346059113301 0.4334205665024631 0.09467364532019706 0.10698891625615764
0 0.23406711822660106 0.3306650246305419 0.0869766009852217 0.10160098522167488
0 0.7990301724137931 0.3083435960591134 0.08851600985221675 0.0877463054187192
0 0.9037099753694582 0.3091133004926109 0.09159482758620696 0.10006157635467977
0 0.7239839901477833 0.6647167487684729 0.08004926108374377 0.08158866995073888
0 0.6908866995073891 0.7547721674876847 0.09544334975369462 0.0908251231527093
0 0.8609913793103448 0.827509236453202 0.10314039408866993 0.09621305418719217
0 0.6389316502463054 0.8506003694581281 0.08389778325123143 0.08851600985221664
0 0.5842826354679804 0.9518165024630543 0.09467364532019695 0.09082512315270941
0 0.08051108374384244 0.3306650246305419 0.05080049261083737 0.05387931034482757
