0 0.16017549261083752 0.1678725369458129 0.09621305418719209 0.08389778325123157
0 0.12823275862068972 0.20866687192118238 0.08158866995073888 0.0792795566502463
0 0.4853756157635469 0.421875 0.08158866995073899 0.07774014778325117
0 0.5438731527093597 0.4742149014778326 0.07697044334975367 0.07774014778325122
0 0.6254618226600985 0.5369458128078818 0.09544334975369473 0.09852216748768466
0 0.2579279556650247 0.7382235221674878 0.09005541871921185 0.09005541871921185
0 0.12861761083743847 0.6674107142857143 0.09005541871921184 0.08389778325123154
0 0.12861761083743853 0.7355295566502463 0.10237068965517243 0.09544334975369462
0 0.03471366995073899 0.6847290640394089 0.06850369458128075 0.08312807881773399
0 0.04356527093596067 0.06126847290640404 0.058497536945812806 0.058497536945812806
