0 0.5865917487684729 0.19019396551724146 0.08389778325123154 0.07927955665024633
0 0.6289254926108374 0.21674876847290647 0.04849137931034464 0.06927339901477833
0 0.5696582512315271 0.2409944581280789 0.07158251231527091 0.07620073891625612
0 0.9090979064039408 0.44766009852216754 0.08235837438423643 0.08158866995073899
0 0.9649014778325122 0.47806342364532023 0.06619458128078826 0.07620073891625612
0 0.6858836206896551 0.7474599753694582 0.07927955665024622 0.08081896551724144
0 0.5481065270935961 0.7012777093596059 0.08851600985221664 0.09313423645320196
0 0.5581126847290641 0.6550954433497537 0.08543719211822665 0.08851600985221686
0 0.451893472906404 0.6808805418719213 0.09313423645320196 0.10160098522167493
0 0.3391317733990148 0.6635621921182266 0.08620689655172414 0.08543719211822653
0 0.5546490147783252 0.04125615763546808 0.05233990147783252 0.055418719211822655
0 0.5184729064039408 0.022398399014778428 0.04464285714285715 0.04233374384236453
0 0.510006157635468 0.1397783251231528 0.05695812807881784 0.05080049261083744
0 0.3268165024630542 0.04972290640394099 0.05695812807881773 0.055418719211822655
