0 0.8205818965517241 0.08205049261083754 0.09005541871921197 0.09698275862068964
0 0.9344981527093597 0.23560652709359617 0.0669642857142857 0.06388546798029554
0 0.7447660098522169 0.17941810344827594 0.09236453201970451 0.07774014778325122
0 0.8325123152709359 0.30295566502463067 0.06465517241379315 0.06311576354679799
0 0.8813885467980296 0.35914408866995085 0.05926724137931039 0.06311576354679799
0 0.6239224137931034 0.18519088669950745 0.08312807881773399 0.07850985221674875
0 0.7232142857142856 0.30641933497536955 0.06465517241379304 0.06850369458128075
0 0.5573429802955665 0.09513546798029565 0.0669642857142857 0.0692733990147783
0 0.47767857142857156 0.154402709359606 0.058497536945812834 0.060036945812807885
0 0.28024938423645324 0.300646551724138 0.1116071428571428 0.11699507389162556
0 0.057804802955665105 0.20096982758620696 0.07620073891625609 0.06850369458128078
0 0.14324199507389174 0.3710745073891626 0.10852832512315266 0.10544950738916253
0 0.15594211822660106 0.5600369458128078 0.09390394088669946 0.09082512315270941
0 0.25600369458128086 0.5823583743842364 0.11699507389162564 0.14316502463054182
0 0.378771551724138 0.5688885467980296 0.1316194581280788 0.1577894088669951
0 0.513469827586207 0.6389316502463054 0.13623768472906406 0.1454741379310346
0 0.17056650246305427 0.8656096059113301 0.12777093596059108 0.1370073891625616
0 0.9487376847290641 0.3983990147783252 0.04156403940886699 0.05233990147783246
0 0.7620843596059114 0.7005080049261083 0.05003078817733986 0.04849137931034486
