0 0.6859930203045685 0.22001903553299493 0.08486675126903553 0.09121192893401014
0 0.8414498730964467 0.05266497461928932 0.06900380710659904 0.061072335025380724
0 0.8842798223350254 0.09113261421319796 0.06265862944162415 0.05869289340101523
0 0.8636579949238579 0.32550761421319796 0.12611040609137047 0.10072969543147214
0 0.8188451776649746 0.8426395939086295 0.0856598984771576 0.09755710659898453
0 0.9551237309644669 0.9624246510152283 0.09171954314720798 0.07538864213197971
0 0.7292195431472082 0.8957804568527918 0.08407360406091369 0.11500634517766495
0 0.633645304568528 0.9286960659898476 0.10072969543147192 0.10310913705583757
0 0.7228743654822335 0.320748730964467 0.10152284263959399 0.105488578680203
0 0.8696065989847717 0.8311389593908627 0.07614213197969533 0.07455583756345152
0 0.35414100985221686 0.3868534482758621 0.05926724137931033 0.04772167487684725
0 0.9797452278325123 0.45799338054187194 0.0373845443349754 0.06838823891625612
