0 0.9314193349753693 0.2117456896551725 0.04387315270935965 0.046951970443349755
0 0.9048645320197044 0.16440886699507398 0.04156403940886688 0.038485221674876835
0 0.8767703201970443 0.18288177339901487 0.03155788177339891 0.038485221674876835
0 0.8359759852216749 0.16248460591133013 0.09005541871921174 0.09929187192118225
0 0.8344365763546798 0.32912561576354693 0.09313423645320196 0.09390394088669946
0 0.28871613300492616 0.13054187192118236 0.07158251231527102 0.07081280788177337
0 0.3549107142857143 0.2852524630541873 0.05003078817733986 0.058497536945812834
0 0.2475369458128079 0.09898399014778334 0.0692733990147783 0.06773399014778324
0 0.18764239532019705 0.029479679802955717 0.06590979064039412 0.058959359605911435
0 0.10398706896551735 0.546567118226601 0.1131465517241379 0.10544950738916253
0 0.0870535714285715 0.6327740147783252 0.09621305418719209 0.08389778325123165
0 0.9017857142857143 0.6947352216748768 0.10314039408866993 0.10160098522167482
0 0.02356450123152718 0.5673491379310345 0.04923799261083746 0.09775246305418706
