0 0.6924261083743842 0.1898091133004927 0.0969827586206895 0.1108374384236453
0 0.5958282019704434 0.06858066502463064 0.06696428571428581 0.06696428571428571
0 0.8698429802955665 0.373768472906404 0.08081896551724144 0.07389162561576351
0 0.578125 0.28371305418719217 0.10544950738916259 0.08466748768472904
0 0.44689039408866993 0.14285714285714293 0.06927339901477819 0.06773399014778325
0 0.4253386699507389 0.2706280788177341 0.09236453201970435 0.08774630541871922
0 0.7239839901477833 0.431881157635468 0.07081280788177335 0.06542487684729059
0 0.6100677339901479 0.40224753694581283 0.06773399014778325 0.06311576354679799
0 0.7624692118226601 0.503463669950739 0.07543103448275856 0.07312192118226601
0 0.827509236453202 0.5688885467980296 0.07620073891625623 0.08081896551724133
0 0.9064039408866995 0.927185960591133 0.08004926108374377 0.08620689655172398
0 0.6223830049261083 0.8163485221674877 0.07081280788177324 0.07389162561576357
