0 0.17322335025380708 0.3723032994923858 0.1776649746192893 0.14355964467005078
0 0.5749524111675126 0.046319796954314714 0.17528553299492378 0.08803934010152285
0 0.26721129441624364 0.03680203045685278 0.14514593908629445 0.06583121827411167
0 0.4936548223350255 0.10897842639593909 0.05710659898477155 0.059486040609137064
0 0.37954125615763545 0.1251539408866996 0.05926724137931033 0.06003694581280787
0 0.41046798029556647 0.014505080049261133 0.10363300492610839 0.03195043103448286
0 0.022059729064039524 0.18634544334975378 0.04608990147783251 0.11622536945812809
0 0.5561884236453202 0.15478756157635476 0.06311576354679804 0.06080665024630541
0 0.6350831280788178 0.19673645320197053 0.08851600985221675 0.08158866995073893
0 0.8082666256157636 0.42302955665024633 0.07312192118226601 0.0708128078817733
