0 0.4476522842639594 0.31519670050761417 0.1633883248730965 0.13721446700507617
0 0.17837880710659895 0.3826142131979695 0.13562817258883247 0.1625951776649746
0 0.2632455583756345 0.16886104060913704 0.105488578680203 0.09200507614213199
0 0.7375475888324873 0.0927189086294416 0.048381979695431454 0.055520304568527926
0 0.7962404822335026 0.13356598984771573 0.05472715736040601 0.054727157360406106
0 0.8652247536945812 0.17249076354679813 0.06388546798029549 0.07466133004926112
0 0.7905634236453201 0.024064809113300594 0.13623768472906406 0.04977678571428571
0 0.819042487684729 0.045104679802955766 0.05003078817733986 0.033866995073891626
0 0.5219365763546799 0.023168103448275964 0.11622536945812817 0.043873152709359604
0 0.671259236453202 0.5581126847290641 0.04849137931034475 0.056188423645320174
