0 0.57504618226601 0.2737068965517242 0.07774014778325122 0.07389162561576354
0 0.5431034482758621 0.11976600985221683 0.06773399014778336 0.07850985221674876
0 0.5026939655172413 0.07666256157635477 0.07158251231527102 0.07389162561576354
0 0.8513700738916256 0.17864839901477841 0.07312192118226601 0.07774014778325125
0 0.9491225369458128 0.22021243842364543 0.08697660098522175 0.10237068965517243
0 0.7851754926108374 0.02932573891625626 0.08081896551724144 0.056188423645320194
0 0.08051108374384244 0.13708435960591142 0.05849753694581281 0.0623460591133005
0 0.15209359605911338 0.20173953201970451 0.06003694581280791 0.05772783251231531
0 0.5981373152709359 0.5161637931034483 0.08851600985221664 0.08774630541871925
0 0.8209667487684729 0.3298953201970444 0.035406403940886566 0.038485221674876835
0 0.8409790640394088 0.30487992610837444 0.035406403940886566 0.03463669950738918
0 0.8675338669950738 0.3402863300492611 0.04079433497536944 0.03771551724137928
0 0.17787869458128086 0.3356681034482759 0.054649014778325095 0.05003078817733991
