0 0.5927493842364533 0.41148399014778336 0.08235837438423643 0.09082512315270935
0 0.5896705665024631 0.5288639162561577 0.10237068965517238 0.10083128078817738
0 0.4869150246305419 0.4653633004926108 0.09236453201970446 0.08466748768472898
0 0.41032943349753703 0.5542641625615764 0.08851600985221669 0.1085283251231528
0 0.30949815270935965 0.6385467980295567 0.10237068965517238 0.0939039408866994
0 0.10668103448275873 0.05049261083743852 0.09698275862068968 0.08466748768472905
0 0.15324815270935965 0.03201970443349764 0.11006773399014778 0.06003694581280788
0 0.7913331280788176 0.039716748768473004 0.08543719211822653 0.07235221674876846
0 0.6779903017241379 0.0271705665024631 0.09660560344827585 0.0543411330049262
0 0.5615763546798029 0.015471059113300595 0.07543103448275845 0.02847906403940886
