0 0.21213054187192126 0.07935652709359615 0.07543103448275856 0.07620073891625614
0 0.24022475369458135 0.05665024630541881 0.07004310344827588 0.08466748768472905
0 0.34759852216748777 0.2067426108374385 0.07389162561576351 0.06773399014778328
0 0.6712592364532022 0.5496459359605912 0.12854064039408863 0.1377770935960591
0 0.5057727832512315 0.35952894088669957 0.11314655172413784 0.10237068965517238
0 0.6370073891625616 0.289100985221675 0.10467980295566515 0.1231527093596059
0 0.9214131773399015 0.17210591133004935 0.09159482758620696 0.08004926108374383
0 0.8298183497536946 0.0897475369458129 0.06696428571428559 0.0646551724137931
0 0.8001847290640394 0.5346366995073892 0.1370073891625615 0.15548029556650234
0 0.932189039408867 0.5939039408866995 0.12854064039408875 0.1400862068965516
0 0.5107758620689655 0.5496459359605912 0.09236453201970451 0.09005541871921185
0 0.5869766009852218 0.8382850985221675 0.12623152709359609 0.13315886699507384
0 0.33297413793103453 0.9141009852216748 0.12777093596059108 0.13546798029556628
0 0.11129926108374391 0.6273860837438423 0.09544334975369458 0.08851600985221675
0 0.9808997844827587 0.2932073583743843 0.04123306650246328 0.05901323891625604
