0 0.9398860837438423 0.2571582512315272 0.10083128078817716 0.10698891625615758
0 0.869073275862069 0.20635775862068972 0.07004310344827602 0.06542487684729062
0 0.5234759852216748 0.03702278325123163 0.0638854679802956 0.06542487684729063
0 0.45651169950738923 0.03625307881773409 0.0638854679802956 0.06696428571428571
0 0.395320197044335 0.3914716748768473 0.10160098522167482 0.10160098522167488
0 0.43534482758620696 0.42110529556650256 0.08004926108374377 0.08851600985221669
0 0.571582512315271 0.5177032019704434 0.0908251231527093 0.09698275862068956
0 0.31758004926108374 0.4264932266009852 0.09544334975369456 0.0931342364532019
0 0.19519704433497545 0.4141779556650247 0.09236453201970446 0.09621305418719206
0 0.9812846366995074 0.15787792487684732 0.03430572660098519 0.06236915024630532
