0 0.8696065989847717 0.7089942893401016 0.09517766497461921 0.09517766497461932
0 0.6689403553299493 0.03997461928934008 0.06979695431472077 0.07059010152284265
0 0.9326618020304569 0.30528236040609136 0.03093274111675115 0.03965736040609136
0 0.9473350253807107 0.3425602791878173 0.03965736040609147 0.03648477157360408
0 0.9279029187817259 0.34573286802030456 0.03727791878172604 0.03172588832487311
0 0.28228109137055835 0.22319162436548223 0.0690038071065989 0.07059010152284262
0 0.38499365482233494 0.09390862944162434 0.060279187817258884 0.0578997461928934
0 0.1486357868020304 0.07725253807106597 0.047588832487309676 0.04838197969543147
0 0.12920368020304557 0.04790609137055836 0.04996827411167512 0.045209390862944177
0 0.3286802030456853 0.7312024111675126 0.07614213197969544 0.07931472081218283
0 0.6316624365482234 0.029663705583756333 0.05393401015228427 0.05789974619289341
0 0.9868034174876847 0.7455357142857142 0.026870381773399177 0.08312807881773387
