0 0.5588823891625616 0.23599137931034492 0.09621305418719217 0.09852216748768475
0 0.5103910098522167 0.3060344827586208 0.09929187192118222 0.09698275862068967
0 0.8925492610837438 0.27947967980295574 0.05541871921182262 0.056188423645320174
0 0.8178879310344828 0.310652709359606 0.05695812807881784 0.05849753694581278
0 0.7986453201970443 0.3907019704433498 0.049261083743842415 0.05080049261083741
0 0.7647783251231528 0.49615147783251234 0.05541871921182262 0.05541871921182273
0 0.6820350985221675 0.19404248768472915 0.039254926108374444 0.03155788177339905
0 0.6901169950738917 0.21443965517241392 0.03386699507389146 0.027709359605911338
0 0.6774168719211824 0.2286791871921183 0.03155788177339913 0.03309729064039407
0 0.4676724137931035 0.3933959359605912 0.0954433497536945 0.09467364532019695
0 0.37954125615763556 0.4041717980295567 0.08081896551724138 0.08697660098522164
