0 0.2755393401015228 0.08478743654822334 0.053934010152284245 0.05393401015228427
0 0.31123096446700504 0.12841053299492383 0.04758883248730961 0.05234771573604062
0 0.5253807106598984 0.3203521573604061 0.07614213197969544 0.08090101522842641
0 0.601522842639594 0.15973984771573602 0.06979695431472077 0.06265862944162437
0 0.9227474619289341 0.11175444162436549 0.07138324873096447 0.08248730964467006
0 0.8636579949238579 0.0950983502538071 0.049968274111674926 0.0777284263959391
0 0.6169892131979695 0.8922112944162436 0.0896256345177665 0.09359137055837574
0 0.57376269035533 0.02966370558375633 0.06027918781725883 0.04996827411167513
0 0.01408559113300496 0.3268665332512316 0.02817118226600992 0.05685806650246311
0 0.7528479064039408 0.7640086206896552 0.042333743842364546 0.04156403940886688
