0 0.3083435960591133 0.21905788177339908 0.05695812807881778 0.061576354679802964
0 0.28217364532019706 0.20289408866995085 0.04772167487684725 0.061576354679802964
0 0.23483682266009862 0.1517087438423646 0.06080665024630544 0.07312192118226599
0 0.6577894088669951 0.10283251231527103 0.07081280788177358 0.08004926108374386
0 0.7058959359605911 0.149399630541872 0.06696428571428581 0.08235837438423646
0 0.9329587438423645 0.039331896551724234 0.08235837438423654 0.07158251231527092
0 0.7312961822660098 0.2948737684729065 0.07466133004926101 0.07466133004926107
0 0.7632389162561577 0.5477216748768472 0.0846674876847292 0.08620689655172409
0 0.07165948275862077 0.5696582512315271 0.07466133004926112 0.07466133004926112
0 0.04510467980295576 0.4422721674876848 0.08466748768472905 0.0954433497536945
0 0.9859028633004926 0.201735683497537 0.02506927339901477 0.07465363300492603
0 0.9706742610837439 0.3241225369458129 0.04387315270935965 0.051570197044334964
0 0.4557419950738916 0.42264470443349755 0.05003078817733986 0.05618842364532012
