0 0.7216748768472907 0.24869150246305427 0.11545566502463045 0.11930418719211822
0 0.8925492610837439 0.4322660098522168 0.0923645320197044 0.07850985221674878
0 0.7347598522167489 0.49037869458128086 0.08312807881773399 0.07004310344827591
0 0.7778633004926108 0.5727370689655171 0.08158866995073877 0.07620073891625612
0 0.849060960591133 0.6450892857142857 0.08235837438423643 0.08081896551724133
0 0.614685960591133 0.45612684729064046 0.07389162561576357 0.0677339901477832
0 0.5904402709359606 0.34298029556650256 0.10852832512315269 0.09544334975369456
0 0.4249538177339902 0.3329741379310346 0.10544950738916259 0.09082512315270935
0 0.44342672413793105 0.1836514778325124 0.07312192118226601 0.0661945812807882
0 0.6092980295566502 0.10244766009852226 0.07235221674876846 0.07312192118226599
