0 0.22252155172413798 0.13208128078817744 0.11160714285714285 0.11391625615763547
0 0.2864070197044336 0.11014470443349764 0.0900554187192118 0.10237068965517239
0 0.7690116995073891 0.294104064039409 0.09929187192118216 0.10698891625615761
0 0.7674722906403941 0.4214901477832513 0.1116071428571429 0.10929802955665013
0 0.8517549261083743 0.5188577586206897 0.11699507389162556 0.1146859605911329
0 0.5673491379310345 0.6766471674876847 0.09159482758620674 0.09467364532019706
0 0.3772321428571429 0.6693349753694582 0.09775246305418722 0.09236453201970429
0 0.2817887931034483 0.6866533251231528 0.08235837438423649 0.09005541871921185
0 0.2948737684729065 0.8252001231527093 0.10698891625615753 0.1116071428571429
0 0.15863608374384244 0.6920412561576355 0.1008312807881774 0.09159482758620685
0 0.36530172413793105 0.02432266009852227 0.1154556650246305 0.04772167487684728
0 0.018703817733990193 0.12373768472906409 0.037407635467980385 0.047475369458128164
