0 0.6312346059113301 0.47767857142857145 0.09005541871921174 0.08466748768472898
0 0.8686884236453203 0.3287407635467981 0.03540640394088668 0.03617610837438423
0 0.8887007389162561 0.3052647783251232 0.03694581280788167 0.030788177339901468
0 0.9133312807881773 0.33836206896551735 0.03694581280788167 0.038485221674876835
0 0.9732027401477832 0.18703048029556654 0.050469519704433474 0.0821890394088669
0 0.890625 0.15632697044334984 0.0700431034482758 0.07158251231527092
0 0.5858220443349755 0.08859298029556659 0.05772783251231528 0.07004310344827584
0 0.6081434729064039 0.24060960591133015 0.07927955665024622 0.07389162561576351
0 0.536560960591133 0.04933805418719222 0.07158251231527091 0.07466133004926108
0 0.18942426108374388 0.17710899014778334 0.059267241379310415 0.06234605911330049
0 0.1186114532019705 0.11938115763546805 0.062346059113300434 0.062346059113300475
0 0.34451970443349755 0.4026323891625616 0.050800492610837356 0.05772783251231517
