0 0.1955818965517242 0.031250000000000104 0.0685036945812808 0.06003694581280788
0 0.24312653940886705 0.02832512315270941 0.055003078817734086 0.05665024630541882
0 0.839054802955665 0.09244150246305428 0.06696428571428559 0.07158251231527094
0 0.8579125615763546 0.19134852216748777 0.08928571428571419 0.08158866995073896
0 0.9712784790640394 0.1924530480295567 0.05431804187192113 0.08071890394088663
0 0.4314963054187192 0.28794642857142866 0.10929802955665019 0.1100677339901478
0 0.29333435960591137 0.337207512315271 0.11314655172413787 0.09467364532019706
0 0.30487992610837444 0.5619612068965518 0.11006773399014774 0.14701354679802947
0 0.41456280788177347 0.5700431034482758 0.1416256157635467 0.1585591133004926
0 0.546567118226601 0.6516317733990147 0.14239532019704426 0.14778325123152702
0 0.22713977832512322 0.8382850985221675 0.1116071428571429 0.12700123152709353
0 0.9843634544334975 0.32342210591133014 0.028148091133004982 0.059405788177339824
0 0.02524630541871926 0.8672452278325122 0.05049261083743852 0.12488454433497542
