0 0.10263324873096442 0.7815672588832487 0.16656091370558376 0.2022525380710659
0 0.43139276649746183 0.711770304568528 0.19273477157360402 0.15942258883248728
0 0.8834866751269036 0.3750793147208122 0.18480329949238583 0.18718274111675126
0 0.7097874365482233 0.28743654822335024 0.17528553299492378 0.21018401015228425
0 0.5448128172588833 0.316386421319797 0.16418147208121814 0.18876903553299498
0 0.2799016497461929 0.4179092639593909 0.11817893401015239 0.11579949238578685
0 0.4397208121827411 0.10540926395939085 0.12531725888324885 0.14593908629441626
0 0.2846605329949238 0.1759993654822335 0.12769670050761422 0.11738578680203046
0 0.7125634517766497 0.07328680203045683 0.0983502538071066 0.08486675126903553
0 0.8327252538071066 0.07209708121827409 0.09438451776649759 0.08724619289340102
0 0.9655774111675128 0.18432741116751267 0.05710659898477155 0.06741751269035534
0 0.8656096059113301 0.2517703201970445 0.06465517241379304 0.06080665024630544
0 0.928725369458128 0.29987684729064046 0.056958128078817616 0.055418719211822676
0 0.9029402709359605 0.013231219211822763 0.07620073891625623 0.02693965517241379
0 0.6000615763546798 0.014701354679803057 0.05233990147783252 0.028479064039408863
