0 0.802493842364532 0.3191194581280789 0.07850985221674867 0.07850985221674878
0 0.7755541871921183 0.1763392857142858 0.07081280788177347 0.07312192118226601
0 0.7282173645320198 0.12823275862068975 0.0700431034482758 0.06927339901477832
0 0.3741533251231528 0.23907019704433508 0.05926724137931033 0.06003694581280786
0 0.35067733990147787 0.22175184729064049 0.05080049261083747 0.05310960591133007
0 0.2967980295566503 0.16440886699507398 0.061576354679802936 0.0646551724137931
0 0.11630233990147794 0.4861453201970444 0.0977524630541872 0.0923645320197044
0 0.1517087438423646 0.6039100985221675 0.07774014778325125 0.06773399014778314
0 0.0374076354679804 0.510006157635468 0.07389162561576357 0.09082512315270941
0 0.8359759852216749 0.5889008620689655 0.08697660098522175 0.08543719211822665
0 0.9828240455665025 0.06330434113300498 0.031226908866994973 0.07026631773399004
0 0.981669488916256 0.029129464285714345 0.033536022167487745 0.05970597290640405
