0 0.2811429794520548 0.2361943493150685 0.16374143835616436 0.15839041095890413
0 0.2977311643835617 0.5545804794520548 0.14126712328767121 0.16802226027397266
0 0.7627354452054795 0.8515625 0.25577910958904104 0.2268835616438356
0 0.8458081685673797 0.28944761581415757 0.23356839192928003 0.24238045330319175
0 0.45505136986301375 0.13773544520547942 0.15625 0.14768835616438356
0 0.5808005136986302 0.11365582191780822 0.10809075342465757 0.10166952054794523
0 0.6963827054794521 0.09867294520547945 0.11023116438356162 0.0952482876712329
0 0.3976293103448276 0.96323506773399 0.19088669950738923 0.07363762315270916
0 0.1370843596059114 0.42033559113300495 0.0700431034482758 0.07620073891625612
0 0.744381157635468 0.022105911330049362 0.09159482758620685 0.04464285714285714
0 0.9755118534482758 0.2285175492610838 0.045851293103448154 0.18671490147783246
