0 0.1552579365079365 0.7362351190476191 0.09672619047619052 0.09300595238095233
0 0.02466346811713196 0.597495894909688 0.05011887657361811 0.10416666666666652
0 0.12733477011494254 0.3231817870826492 0.08800287356321847 0.09193691844553925
0 0.3084504994526546 0.12361453201970446 0.08445368089764649 0.0877463054187193
0 0.4737231458675424 0.33571086480569245 0.08796011220580197 0.09150930487137393
0 0.7157738095238095 0.2222222222222222 0.0892857142857143 0.10168650793650794
0 0.9420882936507937 0.2693452380952381 0.0905257936507936 0.0892857142857143
0 0.5155009920634921 0.016989087301587286 0.078125 0.033482142857142856
0 0.9877347598522167 0.18005952380952384 0.025654248768472998 0.06414203612479483
0 0.9495287698412698 0.7631533935413246 0.09548611111111127 0.09373289545703323
