0 0.6693349753694582 0.19750615763546808 0.08466748768472898 0.08774630541871922
0 0.6831896551724137 0.36876539408867004 0.08466748768472898 0.09313423645320196
0 0.8532943349753694 0.39416564039408875 0.0939039408866994 0.08851600985221669
0 0.42033559113300495 0.23291256157635476 0.09159482758620685 0.0877463054187192
0 0.10167795566502473 0.48499076354679804 0.08851600985221672 0.0915948275862069
0 0.30680418719211827 0.6104525862068966 0.08620689655172409 0.08851600985221675
0 0.48922413793103453 0.7628540640394089 0.08158866995073877 0.08697660098522175
0 0.7947967980295567 0.760929802955665 0.08620689655172409 0.08312807881773399
0 0.36414716748768483 0.8205818965517242 0.0869766009852217 0.09159482758620696
0 0.4184113300492611 0.8825431034482758 0.08466748768472898 0.08466748768472898
