0 0.9033153553299492 0.8105171319796953 0.11342005076142136 0.1110406091370556
0 0.6427664974619289 0.086373730964467 0.07296954314720816 0.08883248730964469
0 0.32114530456852786 0.8180520304568528 0.07852157360406092 0.08328045685279173
0 0.24579631979695427 0.28148794416243655 0.07217639593908629 0.07614213197969547
0 0.33700824873096447 0.1359454314720812 0.06107233502538073 0.05631345177664973
0 0.06892449238578675 0.11373730964467003 0.048381979695431454 0.04679568527918779
0 0.042750634517766437 0.07051078680203046 0.048381979695431364 0.049175126903553315
0 0.5943845177664975 0.07368337563451775 0.05710659898477166 0.0666243654822335
0 0.8612785532994924 0.3643718274111675 0.03727791878172604 0.03569162436548223
0 0.8473984771573604 0.33145621827411165 0.03965736040609125 0.03331218274111675
0 0.8382772842639594 0.36595812182741116 0.03569162436548223 0.037277918781725816
