0 0.421875 0.2818845177664975 0.13404187817258878 0.12135152284263956
0 0.8259835025380711 0.5828838832487309 0.10628172588832496 0.10310913705583757
0 0.9350412436548223 0.6614054568527918 0.11500634517766495 0.11738578680203049
0 0.4028394670050761 0.8834866751269035 0.11817893401015228 0.12214467005076124
0 0.28228109137055835 0.9306789340101522 0.11659263959390867 0.11500634517766484
0 0.3104378172588832 0.2842639593908629 0.1062817258883248 0.11817893401015228
0 0.31162753807106597 0.18789657360406092 0.0896256345177665 0.08090101522842638
0 0.7002696700507616 0.4865164974619289 0.09121192893401031 0.09755710659898476
0 0.6185755076142132 0.07328680203045684 0.06424492385786795 0.06583121827411167
0 0.5039657360406091 0.8918147208121827 0.09676395939086307 0.08486675126903542
0 0.14903236040609133 0.9520661484771573 0.11976522842639586 0.09274270304568522
0 0.18249692118226607 0.44804495073891626 0.051570197044334964 0.04695197044334981
