0 0.4349599753694582 0.08782327586206906 0.07774014778325122 0.06850369458128078
0 0.4026323891625616 0.05087746305418729 0.07004310344827591 0.06696428571428573
0 0.7536176108374384 0.1582512315270937 0.07620073891625623 0.07850985221674875
0 0.8502155172413792 0.19327278325123165 0.08620689655172409 0.09005541871921183
0 0.4649784482758621 0.24368842364532028 0.08081896551724133 0.06773399014778322
0 0.4826816502463055 0.47383004926108374 0.0869766009852217 0.09544334975369456
0 0.7509236453201971 0.3445197044334976 0.03386699507389168 0.03540640394088668
0 0.7647783251231528 0.3168103448275863 0.03386699507389157 0.030788177339901468
0 0.06203817733990156 0.1790332512315272 0.05695812807881771 0.06465517241379315
0 0.037407635467980385 0.1713362068965518 0.04618226600985222 0.04926108374384236
0 0.22136699507389168 0.4072506157635468 0.04772167487684725 0.04233374384236449
0 0.013338977832512366 0.12669334975369467 0.028125000000000087 0.050800492610837425
