0 0.5808189655172413 0.2802493842364533 0.07543103448275856 0.08235837438423646
0 0.7366841133004927 0.29756773399014785 0.07927955665024644 0.08312807881773399
0 0.5654248768472907 0.12669334975369467 0.07697044334975356 0.08466748768472906
0 0.33913177339901485 0.17095135467980305 0.07850985221674878 0.08543719211822662
0 0.0651169950738917 0.4110991379310345 0.07543103448275858 0.08081896551724127
0 0.25100061576354693 0.5200123152709359 0.07927955665024627 0.08004926108374388
0 0.6931958128078817 0.6316194581280787 0.07543103448275856 0.07543103448275856
0 0.4222598522167488 0.6466286945812807 0.08004926108374377 0.07774014778325122
0 0.31257697044334976 0.6997383004926108 0.07620073891625617 0.07774014778325122
0 0.3610683497536946 0.7536176108374384 0.07774014778325111 0.07774014778325122
0 0.5836437807881774 0.9812846366995074 0.07646243842364531 0.03430572660098519
