0 0.7014593908629442 0.9481281725888324 0.08565989847715727 0.0912119289340102
0 0.592005076142132 0.3461294416243655 0.06662436548223338 0.07217639593908631
0 0.6590260152284264 0.17520621827411167 0.06741751269035534 0.060279187817258884
0 0.9310755076142132 0.1121510152284264 0.06424492385786795 0.07059010152284265
0 0.9772485723350254 0.13078997461928932 0.0423778553299492 0.08883248730964469
0 0.031249999999999976 0.34137055837563457 0.058692893401015266 0.07376269035532995
0 0.30964467005076135 0.08835659898477155 0.05552030456852791 0.054727157360406085
0 0.6320590101522843 0.03283629441624364 0.0563134517766497 0.0578997461928934
0 0.34414657360406087 0.13435913705583755 0.04838197969543151 0.05155456852791879
0 0.7799809644670052 0.7787912436548223 0.04441624365482233 0.042829949238578524
