0 0.5452093908629443 0.5757455583756346 0.09041878172588824 0.09200507614213194
0 0.6729060913705582 0.5920050761421319 0.11104060913705605 0.09279822335025378
0 0.7557899746192893 0.42385786802030456 0.11024746192893409 0.09279822335025378
0 0.9029187817258884 0.41870241116751267 0.06186548223350263 0.055520304568527856
0 0.8751586294416245 0.4984137055837563 0.05076142131979677 0.05314086294416248
0 0.8501744923857868 0.6078680203045685 0.0578997461928934 0.048381979695431454
0 0.05464784263959388 0.6098508883248731 0.07852157360406092 0.07138324873096447
0 0.9756622779187818 0.3869884200507614 0.045550444162436476 0.06664815989847717
0 0.7121668781725888 0.2632455583756345 0.032519035532994955 0.034898477157360414
0 0.7216846446700509 0.2981440355329949 0.03569162436548223 0.03172588832487311
0 0.7046319796954316 0.2985406091370558 0.03172588832487322 0.03569162436548223
0 0.14308375634517767 0.031249999999999986 0.060279187817258884 0.054727157360406106
0 0.032439720812182715 0.1446700507614213 0.0626586294416244 0.06265862944162437
0 0.7189086294416245 0.5023794416243654 0.10945431472081213 0.0896256345177665
0 0.3756927339901478 0.6493226600985221 0.045412561576354704 0.0431034482758621
