0 0.47113608374384236 0.16556342364532028 0.11930418719211822 0.11160714285714288
0 0.4280326354679803 0.11360837438423656 0.08389778325123148 0.06927339901477833
0 0.39724445812807885 0.19327278325123162 0.10083128078817721 0.10698891625615764
0 0.8382850985221675 0.44996921182266014 0.10544950738916248 0.09698275862068978
0 0.942195197044335 0.5384852216748769 0.10544950738916237 0.09390394088669951
0 0.43688423645320196 0.8136545566502463 0.11853448275862066 0.13161945812807896
0 0.5731219211822661 0.8598368226600985 0.10314039408866993 0.09775246305418717
0 0.49769088669950745 0.9460437192118227 0.13084975369458124 0.10391009852216737
0 0.3087284482758621 0.8444427339901477 0.10391009852216748 0.1116071428571429
0 0.14824507389162567 0.8409790640394088 0.11391625615763551 0.10929802955665024
