0 0.5823583743842364 0.3121921182266011 0.10621921182266014 0.1077586206896552
0 0.49153325123152714 0.32065886699507395 0.09390394088669951 0.09698275862068967
0 0.4349599753694582 0.22213669950738923 0.08851600985221675 0.09390394088669948
0 0.8786945812807883 0.6123768472906403 0.08158866995073899 0.07697044334975367
0 0.8278940886699508 0.6858836206896551 0.09236453201970451 0.08697660098522175
0 0.962042025862069 0.7639855295566502 0.07279094827586208 0.09077894088669947
0 0.7640086206896552 0.7732450738916257 0.0846674876847292 0.09544334975369473
0 0.6955049261083743 0.8602216748768472 0.0846674876847292 0.08158866995073899
0 0.9705087746305419 0.26497459975369464 0.055857450738916126 0.0856758004926107
0 0.3629926108374385 0.2594673645320198 0.04156403940886699 0.043873152709359625
