0 0.5454125615763548 0.227524630541872 0.07543103448275856 0.07850985221674878
0 0.7628540640394088 0.19288793103448287 0.07774014778325122 0.0785098522167488
0 0.7724753694581281 0.33797721674876857 0.08004926108374377 0.08389778325123148
0 0.9229525862068966 0.35606527093596063 0.07927955665024644 0.07543103448275862
0 0.8775400246305418 0.6720289408866995 0.07620073891625623 0.08081896551724133
0 0.6150708128078818 0.6874230295566504 0.076200738916256 0.07466133004926101
0 0.5103910098522167 0.7359144088669951 0.06696428571428581 0.07620073891625612
0 0.5573429802955665 0.7897937192118226 0.07466133004926101 0.07774014778325111
0 0.4511237684729065 0.5615763546798029 0.08235837438423649 0.08158866995073888
0 0.2713977832512316 0.4553571428571429 0.07850985221674878 0.07850985221674872
