0 0.6400862068965517 0.20866687192118236 0.053879310344827624 0.05772783251231528
0 0.6866533251231526 0.2433035714285715 0.05772783251231528 0.06696428571428567
0 0.6173799261083743 0.4030172413793104 0.09467364532019718 0.10621921182266003
0 0.5392549261083743 0.35568041871921185 0.08004926108374372 0.0931342364532019
0 0.4853756157635468 0.3375923645320198 0.07697044334975378 0.08928571428571425
0 0.15709667487684736 0.06627155172413803 0.08697660098522161 0.08697660098522167
0 0.19635160098522175 0.1263084975369459 0.0669642857142857 0.06542487684729063
0 0.13785406403940895 0.13131157635467988 0.07158251231527091 0.0769704433497537
0 0.25407943349753703 0.6385467980295567 0.08543719211822648 0.09852216748768472
0 0.10052339901477839 0.5477216748768473 0.09390394088669947 0.09390394088669951
0 0.1405480295566503 0.5454125615763546 0.06003694581280791 0.07543103448275867
0 0.02817118226600992 0.5573429802955665 0.052339901477832476 0.09621305418719217
