0 0.7843432741116751 0.7605488578680202 0.11500634517766495 0.09041878172588824
0 0.9477315989847717 0.8029822335025381 0.09914340101522834 0.11024746192893398
0 0.5666243654822334 0.05901015228426394 0.07296954314720805 0.07852157360406092
0 0.5265704314720812 0.05623413705583755 0.05789974619289351 0.06821065989847717
0 0.27236675126903553 0.118496192893401 0.055520304568527856 0.057899746192893425
0 0.17599936548223347 0.25174492385786806 0.06583121827411159 0.06424492385786801
0 0.032439720812182694 0.10461611675126903 0.043623096446700454 0.04441624365482234
0 0.020145939086294362 0.07249365482233501 0.034898477157360386 0.04838197969543148
0 0.22557106598984772 0.7736357868020304 0.08090101522842641 0.08486675126903531
0 0.8303458121827412 0.35683692893401014 0.037277918781725816 0.03648477157360408
0 0.8168623096446701 0.3251110406091371 0.04203680203045679 0.03331218274111675
0 0.8081376903553299 0.3600095177664975 0.03410532994923854 0.03331218274111675
0 0.9889816810344827 0.6208435960591133 0.018911637931034453 0.07081280788177335
0 0.9697390701970443 0.7089786022167488 0.05739685960591134 0.10391779556650249
