0 0.6354679802955665 0.23060344827586213 0.07081280788177324 0.07543103448275862
0 0.6004464285714286 0.2032789408866996 0.05926724137931039 0.06080665024630544
0 0.5442580049261083 0.13246613300492618 0.0685036945812808 0.07004310344827584
0 0.31565578817733997 0.624692118226601 0.1254618226600986 0.12007389162561577
0 0.3499076354679803 0.7370689655172413 0.10314039408866993 0.0954433497536945
0 0.20096982758620696 0.6470135467980296 0.11006773399014777 0.11545566502463056
0 0.13862376847290644 0.3021859605911331 0.06696428571428568 0.061576354679802936
0 0.2052032019704434 0.3029556650246306 0.05541871921182259 0.05695812807881773
0 0.2787099753694582 0.3568349753694582 0.060806650246305355 0.0692733990147783
0 0.7555418719211822 0.42918719211822665 0.06927339901477836 0.06773399014778314
