0 0.6189193349753694 0.1751847290640395 0.060806650246305494 0.060036945812807885
0 0.5862068965517241 0.16248460591133013 0.053879310344827624 0.05926724137931033
0 0.5346366995073892 0.09936884236453211 0.06311576354679804 0.0669642857142857
0 0.36183805418719217 0.44650554187192126 0.10237068965517238 0.09929187192118222
0 0.2644704433497537 0.47190578817733997 0.10314039408866993 0.10391009852216748
0 0.38800800492610843 0.5754310344827587 0.08543719211822659 0.08004926108374377
0 0.7536176108374384 0.3726139162561577 0.05464901477832529 0.05157019704433502
0 0.18288177339901485 0.27178263546798037 0.052339901477832546 0.05310960591133007
0 0.24753694581280797 0.26524014778325133 0.055418719211822676 0.04926108374384233
0 0.30872844827586216 0.2991071428571429 0.056188423645320174 0.06311576354679799
