0 0.6708743842364533 0.32681650246305427 0.061576354679802825 0.06619458128078815
0 0.644704433497537 0.294104064039409 0.06003694581280783 0.05772783251231528
0 0.5927493842364532 0.22829433497536955 0.06080665024630538 0.06311576354679804
0 0.45304802955665024 0.38031096059113306 0.046182266009852146 0.04387315270935954
0 0.2929495073891626 0.3864685960591133 0.05233990147783257 0.05464901477832512
0 0.2294488916256158 0.37954125615763556 0.05618842364532023 0.062346059113300434
0 0.383774630541872 0.7209051724137931 0.1077586206896552 0.10467980295566504
0 0.4045566502463055 0.7990301724137931 0.09082512315270935 0.08389778325123165
0 0.28717672413793105 0.7359144088669951 0.09313423645320196 0.09621305418719206
0 0.7955665024630543 0.4711360837438424 0.05080049261083752 0.051570197044334964
