0 0.1586360837438424 0.3352832512315272 0.05772783251231539 0.06773399014778325
0 0.13400554187192126 0.29987684729064046 0.06080665024630533 0.05849753694581278
0 0.08358990147783256 0.22867918719211833 0.06311576354679804 0.07004310344827591
0 0.8413639162561577 0.22329125615763556 0.08697660098522164 0.08081896551724144
0 0.8359759852216748 0.2844827586206897 0.08235837438423643 0.07543103448275862
0 0.8101908866995073 0.35414100985221686 0.056958128078817616 0.04695197044334981
0 0.8402093596059113 0.39147167487684736 0.041564039408867104 0.044642857142857095
0 0.8794642857142857 0.45458743842364535 0.07389162561576357 0.07389162561576351
0 0.9652863300492611 0.5404094827586208 0.0638854679802956 0.08697660098522164
0 0.5788947044334976 0.3918565270935961 0.08235837438423654 0.07466133004926095
0 0.5404094827586206 0.31758004926108385 0.07774014778325122 0.07697044334975373
0 0.5889008620689655 0.5311730295566502 0.07466133004926101 0.07774014778325128
0 0.5981373152709359 0.8559883004926108 0.09005541871921174 0.09159482758620685
0 0.2733220443349754 0.45497229064039413 0.0469519704433497 0.04849137931034486
