0 0.31598984771573596 0.4960342639593909 0.19670050761421318 0.17369923857868025
0 0.7998096446700508 0.10580583756345176 0.20463197969543145 0.1911484771573604
0 0.6126269035532994 0.06138959390862943 0.18718274111675137 0.11500634517766498
0 0.4345653553299492 0.07685596446700506 0.17052664974619297 0.14752538071065988
0 0.1605329949238578 0.25253807106598986 0.11738578680203046 0.11500634517766498
0 0.9044796798029556 0.25561884236453214 0.08389778325123154 0.08081896551724138
0 0.6320043103448276 0.17172105911330057 0.06080665024630527 0.05464901477832512
0 0.16275015394088677 0.028417487684729112 0.12137469211822652 0.05818965517241388
0 0.027578509852216816 0.5839670566502464 0.058189655172413875 0.16639470443349758
0 0.6473983990147784 0.6473983990147782 0.05310960591133007 0.05310960591132996
0 0.8151939655172413 0.20597290640394095 0.07312192118226601 0.03848522167487686
