0 0.9383466748768472 0.17826354679802964 0.09313423645320196 0.0785098522167488
0 0.7620843596059113 0.08666871921182276 0.06696428571428559 0.06619458128078816
0 0.807496921182266 0.18057266009852227 0.08851600985221664 0.08312807881773404
0 0.9341133004926109 0.30795874384236466 0.07081280788177335 0.06080665024630544
0 0.4207204433497538 0.2921798029556651 0.11391625615763545 0.10929802955665022
0 0.27947967980295574 0.3418257389162562 0.10391009852216751 0.10852832512315275
0 0.5904402709359606 0.6404710591133005 0.14393472906403926 0.15009236453201957
0 0.45304802955665036 0.5600369458128078 0.1477832512315272 0.1647167487684728
0 0.3395166256157636 0.5673491379310345 0.1131465517241379 0.13777709359605905
0 0.27909482758620696 0.5211668719211823 0.07543103448275862 0.09621305418719217
0 0.25831280788177347 0.8509852216748769 0.126231527093596 0.1370073891625616
0 0.1205434113300493 0.036407019704433545 0.07233682266009858 0.07281403940886709
0 0.15863608374384244 0.03509852216748779 0.05926724137931033 0.06311576354679803
0 0.2533097290640395 0.1740301724137932 0.07312192118226599 0.07312192118226601
0 0.0310190886699508 0.9002232142857143 0.0620381773399016 0.13080357142857146
0 0.965286330049261 0.707820197044335 0.056188423645320285 0.06927339901477825
0 0.96875 0.5015394088669951 0.044642857142857095 0.04464285714285715
