0 0.21372003424657535 0.23726455479452055 0.17872431506849312 0.1733732876712329
0 0.25696055317497807 0.5591024929988528 0.15818480498009313 0.1782419318105135
0 0.38816352739726023 0.11686643835616438 0.16374143835616434 0.15732020547945205
0 0.4759203767123288 0.08154965753424656 0.08240582191780832 0.1016695205479452
0 0.5754494863013699 0.06763698630136986 0.10595034246575352 0.09310787671232879
0 0.852632705479452 0.24475599315068491 0.23223458904109595 0.2611301369863014
0 0.8036404910925163 0.8219460131419123 0.24555153013023812 0.2390274942641203
0 0.26985837438423654 0.07050492610837449 0.10929802955665027 0.10775862068965517
0 0.5927493842364533 0.2894858374384237 0.08235837438423643 0.0823583743842364
0 0.972048183497537 0.16955818965517247 0.052778633004926134 0.1796336206896551
