0 0.2858502538071066 0.8513642131979695 0.1221446700507614 0.14197335025380697
0 0.5269670050761421 0.7772049492385786 0.12373096446700527 0.12055837563451766
0 0.8890387055837563 0.5237944162436547 0.14831852791878164 0.13404187817258884
0 0.7518242385786802 0.4547906091370558 0.1388007614213197 0.1625951776649746
0 0.41116751269035534 0.5039657360406091 0.09041878172588846 0.08645304568527928
0 0.7752220812182742 0.14030774111675126 0.07931472081218272 0.07614213197969545
0 0.5360881979695432 0.2418305837563452 0.11183375634517762 0.11897208121827407
0 0.4119606598984772 0.31440355329949243 0.10152284263959399 0.09438451776649742
0 0.817655456852792 0.2632455583756345 0.05314086294416254 0.06345177664974622
0 0.8838832487309645 0.13475571065989847 0.08407360406091369 0.06662436548223351
0 0.9505076142131981 0.041164340101522826 0.07772842639593902 0.08248730964467005
0 0.06535532994923855 0.0550444162436548 0.07296954314720806 0.06900380710659898
0 0.08677030456852793 0.03521573604060912 0.06662436548223355 0.069003807106599
0 0.624127538071066 0.4809644670050761 0.13404187817258895 0.11976522842639592
0 0.9255234771573605 0.26364213197969544 0.048381979695431454 0.053140862944162426
0 0.9748691307106598 0.30250634517766495 0.04713673857868017 0.05314086294416237
0 0.6709232233502538 0.06694162436548222 0.051554568527918954 0.06424492385786804
0 0.9889816810344827 0.19233759236453207 0.018911637931034453 0.04969981527093589
0 0.0237068965517242 0.600931342364532 0.0474137931034484 0.07061268472906401
0 0.7370689655172415 0.030480295566502565 0.058497536945812834 0.04926108374384236
0 0.18596059113300498 0.18211206896551735 0.0692733990147783 0.06311576354679807
