0 0.16886104060913704 0.619368654822335 0.19273477157360405 0.16973350253807107
0 0.6356281725888324 0.2616592639593909 0.1982868020304568 0.1871827411167513
0 0.4575666243654822 0.16806789340101524 0.18480329949238594 0.2189086294416244
0 0.28505710659898476 0.20375951776649748 0.16814720812182743 0.1871827411167513
0 0.042750634517766464 0.3477157360406091 0.08169416243654823 0.12293781725888325
0 0.045526649746192846 0.09589149746192892 0.08565989847715735 0.12848984771573604
0 0.19027601522842635 0.04711294416243653 0.14831852791878164 0.08962563451776649
0 0.5999365482233502 0.0288705583756345 0.10152284263959399 0.05631345177664976
0 0.4809644670050761 0.02331852791878171 0.10628172588832485 0.04520939086294416
0 0.7343750000000001 0.14110088832487305 0.0578997461928934 0.06662436548223352
0 0.7867149014778325 0.3075738916256159 0.08389778325123143 0.07389162561576357
0 0.5246305418719212 0.6851139162561577 0.06003694581280783 0.04849137931034486
0 0.9483528325123152 0.5862068965517242 0.060806650246305494 0.06003694581280794
