0 0.7760152284263959 0.624127538071066 0.09835025380710649 0.08724619289340096
0 0.9148159898477157 0.6467322335025381 0.11262690355329963 0.0927982233502539
0 0.27078045685279184 0.6483185279187818 0.07455583756345174 0.07852157360406098
0 0.24103743654822335 0.17163705583756345 0.061072335025380675 0.06265862944162434
0 0.3493020304568527 0.05385469543147207 0.06186548223350252 0.05393401015228426
0 0.1252379441624365 0.0431472081218274 0.0563134517766497 0.04679568527918782
0 0.10937499999999996 0.019749365482233484 0.04203680203045687 0.03489847715736041
0 0.9096605329949239 0.2850571065989847 0.03410532994923843 0.03569162436548223
0 0.9544733502538072 0.5555203045685279 0.08724619289340108 0.10072969543147203
0 0.918385152284264 0.31242068527918776 0.032519035532994955 0.03965736040609141
0 0.9049016497461929 0.3171795685279188 0.03410532994923865 0.0333121827411168
0 0.6177647783251232 0.020858990147783352 0.061576354679802825 0.040794334975369446
0 0.5830972906403942 0.014470443349753745 0.03380541871921172 0.02894088669950749
0 0.9716633312807881 0.46968903940886697 0.05354833743842369 0.08562192118226597
0 0.5719673645320198 0.6689501231527094 0.04233374384236466 0.037715517241379226
