0 0.402611301369863 0.0820847602739726 0.1541095890410959 0.1498287671232877
0 0.2715111301369863 0.20783390410958902 0.17016267123287665 0.16374143835616436
0 0.2880993150684932 0.08208476027397259 0.0663527397260274 0.07705479452054795
0 0.3988655821917808 0.19659674657534248 0.05244006849315075 0.06849315068493153
0 0.4315068493150685 0.3121789383561644 0.06421232876712324 0.0663527397260274
0 0.31871879006680615 0.5269396551724139 0.16397867602402325 0.1831896551724138
0 0.8708261986301371 0.9002568493150684 0.25149828767123295 0.19584760273972612
0 0.352216748768473 0.2852524630541873 0.05387931034482757 0.07081280788177338
0 0.8101908866995073 0.49230295566502463 0.08004926108374388 0.07850985221674878
0 0.9528055726600985 0.15223983990147788 0.09126385467980302 0.21427032019704426
0 0.9474176416256157 0.6857450738916255 0.10203971674876844 0.21600985221674873
