0 0.561576354679803 0.17749384236453208 0.07697044334975378 0.0815886699507389
0 0.7382235221674875 0.09436576354679813 0.07158251231527102 0.06773399014778325
0 0.850600369458128 0.26331588669950745 0.13315886699507384 0.12238300492610837
0 0.7058959359605912 0.36376231527093605 0.12392241379310343 0.09390394088669946
0 0.5323275862068966 0.3402863300492612 0.11699507389162561 0.10852832512315269
0 0.8586822660098521 0.5146243842364532 0.07850985221674878 0.07697044334975373
0 0.7297567733990147 0.47075123152709364 0.0685036945812808 0.0661945812807882
0 0.8979371921182266 0.6008312807881774 0.08928571428571441 0.07543103448275867
0 0.9610529556650247 0.6870381773399015 0.07235221674876857 0.08004926108374377
0 0.988596828817734 0.4552416871921182 0.019681342364532006 0.05826662561576351
