0 0.8706126847290641 0.18750000000000008 0.07466133004926101 0.09236453201970446
0 0.7986453201970444 0.1678725369458129 0.06311576354679804 0.06542487684729067
0 0.7451508620689655 0.02201354679802966 0.07927955665024633 0.043103448275862065
0 0.4969211822660099 0.08205049261083754 0.06157635467980299 0.05695812807881773
0 0.4742149014778326 0.0470289408866996 0.05926724137931039 0.04695197044334974
0 0.5246305418719212 0.2386853448275863 0.06619458128078826 0.0669642857142857
0 0.4757543103448276 0.42572352216748777 0.08389778325123154 0.08389778325123148
0 0.1824969211822661 0.17980295566502472 0.05310960591133007 0.058497536945812834
0 0.13708435960591142 0.12592364532019715 0.060806650246305424 0.050800492610837425
0 0.05434113300492618 0.21405480295566512 0.07389162561576347 0.08235837438423649
