0 0.338746921182266 0.2113608374384237 0.07774014778325117 0.0769704433497537
0 0.3776169950738917 0.22059729064039418 0.05387931034482757 0.06465517241379315
0 0.31758004926108374 0.25561884236453214 0.07543103448275862 0.07620073891625614
0 0.6566348522167488 0.4553571428571429 0.07927955665024622 0.07543103448275851
0 0.7112838669950738 0.4996151477832513 0.07466133004926101 0.07158251231527102
0 0.7870997536945813 0.5642703201970444 0.09544334975369462 0.10391009852216748
0 0.25484913793103453 0.12245997536945821 0.05310960591133007 0.06234605911330049
0 0.30334051724137934 0.025092364532019806 0.04695197044334981 0.043103448275862065
0 0.4364993842364533 0.7628540640394088 0.08235837438423643 0.09159482758620685
0 0.30988300492610843 0.6804956896551724 0.08620689655172414 0.08697660098522164
0 0.302185960591133 0.7386083743842364 0.09390394088669957 0.09390394088669951
0 0.20404864532019712 0.7066656403940886 0.09467364532019706 0.08543719211822665
0 0.09013238916256165 0.6858836206896552 0.07774014778325125 0.08081896551724144
0 0.2613916256157636 0.014374230295566604 0.04618226600985212 0.030672721674876842
0 0.07666256157635476 0.02855603448275872 0.061576354679802936 0.042333743842364525
