0 0.6189193349753694 0.2348368226600986 0.09005541871921185 0.08389778325123154
0 0.5153940886699508 0.2533097290640395 0.0954433497536945 0.07774014778325128
0 0.4915332512315271 0.33181958128078826 0.09852216748768472 0.09467364532019701
0 0.3071890394088671 0.4311114532019705 0.07774014778325128 0.07466133004926101
0 0.19904556650246313 0.3098830049261085 0.08158866995073888 0.07697044334975367
0 0.1409328817733991 0.27717056650246313 0.06850369458128079 0.06234605911330049
0 0.0832050492610838 0.23522167487684736 0.07927955665024626 0.06619458128078815
0 0.04933805418719219 0.2975677339901479 0.08851600985221668 0.08928571428571425
0 0.4411176108374385 0.09282635467980305 0.034636699507389235 0.036945812807881756
0 0.3983990147783252 0.016240763546798133 0.03540640394088668 0.028479064039408863
0 0.07858682266009857 0.8875461822660098 0.07312192118226601 0.06080665024630538
