0 0.765932881773399 0.25677339901477847 0.05310960591133007 0.05080049261083747
0 0.6885775862068966 0.28717672413793116 0.05387931034482751 0.053109605911330016
0 0.6677955665024631 0.37338362068965525 0.05080049261083763 0.051570197044334964
0 0.6366225369458127 0.4765240147783251 0.05464901477832529 0.046951970443349755
0 0.41995073891625617 0.19519704433497548 0.10160098522167482 0.10621921182266011
0 0.37145935960591137 0.269088669950739 0.09852216748768466 0.1000615763546798
0 0.3248922413793104 0.35529556650246313 0.0915948275862069 0.09698275862068961
0 0.24253386699507393 0.3772321428571429 0.07927955665024627 0.08697660098522159
0 0.5577278325123153 0.17787869458128086 0.036945812807881895 0.030018472906403915
0 0.5642703201970444 0.19904556650246313 0.03309729064039413 0.027709359605911338
0 0.5527247536945813 0.21366995073891637 0.030018472906403915 0.033866995073891654
