0 0.8863916256157636 0.10783559113300503 0.08004926108374377 0.09313423645320197
0 0.790948275862069 0.19519704433497545 0.0969827586206895 0.08004926108374383
0 0.9229525862068966 0.33836206896551735 0.0623460591133006 0.05849753694581278
0 0.9629772167487685 0.40340209359605916 0.0623460591133006 0.06542487684729059
0 0.8178879310344828 0.32373768472906417 0.06311576354679782 0.06157635467980299
0 0.6531711822660098 0.19288793103448287 0.08158866995073899 0.07543103448275865
0 0.6539408866995073 0.08897783251231536 0.06465517241379304 0.06927339901477832
0 0.20558805418719217 0.27370689655172425 0.10852832512315269 0.10314039408866993
0 0.0785868226600986 0.3195043103448277 0.09621305418719214 0.10391009852216748
0 0.2625461822660099 0.6254618226600985 0.13315886699507393 0.14624384236453203
0 0.14054802955665036 0.5357912561576355 0.14162561576354682 0.14085591133004927
0 0.051262315270936054 0.5304033251231528 0.09698275862068964 0.12700123152709353
0 0.8467518472906403 0.7386083743842364 0.05310960591132996 0.0477216748768472
0 0.03140394088669955 0.02332204433497542 0.0628078817733991 0.04664408866995084
0 0.08051108374384244 0.017395320197044435 0.04464285714285711 0.03232758620689655
