0 0.5076970443349754 0.36376231527093605 0.1077586206896552 0.10467980295566498
0 0.40532635467980305 0.37184421182266014 0.09698275862068967 0.10391009852216748
0 0.3418257389162562 0.26985837438423654 0.08697660098522175 0.09390394088669951
0 0.899091748768473 0.2879464285714287 0.08697660098522175 0.0900554187192118
0 0.8067272167487685 0.6358528325123153 0.08081896551724121 0.07466133004926112
0 0.7647783251231526 0.7155172413793104 0.0877463054187192 0.0908251231527093
0 0.9241071428571429 0.7940270935960592 0.10929802955665013 0.10160098522167482
0 0.7020474137931034 0.8121151477832511 0.08389778325123143 0.10391009852216737
0 0.6443195812807883 0.9044796798029557 0.08697660098522175 0.08697660098522164
0 0.23637623152709367 0.29064039408867004 0.0438731527093596 0.0461822660098522
0 0.9789755233990147 0.28980141625615763 0.038923953201970396 0.08914716748768464
