0 0.323416095890411 0.10616438356164383 0.14982876712328758 0.15089897260273974
0 0.1388056506849315 0.18857020547945208 0.16374143835616445 0.14447773972602743
0 0.6412987549767191 0.2678431721944801 0.2269468250219312 0.21954764575882324
0 0.8777482665834402 0.18732470772319323 0.2397945627235305 0.25827010510155873
0 0.5107020547945205 0.12221746575342465 0.1134417808219178 0.08454623287671237
0 0.635380993150685 0.1232876712328767 0.1059503424657533 0.08882705479452056
0 0.6970034246575343 0.03676155821917808 0.09400684931506842 0.07352311643835616
0 0.12783999848167898 0.4980757389162562 0.1439505449085634 0.15163177339901474
0 0.4983946917808219 0.8066138698630136 0.25577910958904104 0.21832191780821908
0 0.10096571546663072 0.9022073119812404 0.20231733753964515 0.1963481214994266
0 0.8055726600985222 0.4476600985221675 0.09082512315270941 0.09236453201970446
