0 0.6350831280788176 0.42764778325123154 0.09467364532019695 0.0908251231527093
0 0.7116687192118227 0.48499076354679804 0.07389162561576346 0.0700431034482758
0 0.8040332512315271 0.5692733990147784 0.10314039408866993 0.10467980295566504
0 0.28871613300492616 0.1663331280788178 0.10544950738916253 0.09159482758620689
0 0.2502309113300493 0.19750615763546808 0.09005541871921183 0.08774630541871922
0 0.3980141625615764 0.7774784482758621 0.08851600985221664 0.08851600985221675
0 0.2652401477832513 0.7105141625615763 0.1000615763546798 0.09467364532019695
0 0.2798645320197045 0.8044181034482758 0.10621921182266006 0.10852832512315258
0 0.15016933497536952 0.734375 0.10083128078817731 0.10237068965517238
0 0.03163485221674887 0.7174415024630542 0.06080665024630547 0.09005541871921174
0 0.13362068965517251 0.02586206896551734 0.06465517241379305 0.04926108374384236
0 0.05972906403940894 0.06011391625615773 0.05080049261083745 0.0500307881773399
