0 0.43099619289340096 0.7823604060913706 0.12690355329949238 0.1388007614213198
0 0.6875793147208122 0.7082011421319797 0.15625 0.133248730964467
0 0.7783946700507615 0.39371827411167515 0.12531725888324874 0.1403870558375634
0 0.9104536802030456 0.3695272842639594 0.13404187817258884 0.15862944162436549
0 0.5424333756345179 0.24777918781725886 0.105488578680203 0.10231598984771578
0 0.6729060913705585 0.1795685279187817 0.10786802030456855 0.13086928934010153
0 0.8937975888324874 0.10104695431472081 0.08645304568527923 0.07534898477157362
0 0.5372779187817259 0.4444796954314721 0.09676395939086313 0.09914340101522845
0 0.11215101522842637 0.5424333756345177 0.09993654822335021 0.07772842639593913
0 0.18353426395939082 0.02569796954314719 0.09359137055837571 0.04679568527918782
0 0.29100571065989844 0.14744606598984772 0.0578997461928934 0.07296954314720812
0 0.9784382931472082 0.0923223350253807 0.03999841370558366 0.09121192893401016
0 0.9243337563451777 0.24064086294416243 0.05234771573604047 0.061072335025380675
0 0.7736299261083743 0.03779248768472916 0.0669642857142857 0.06080665024630541
0 0.98667256773399 0.4425992918719212 0.023529864532019773 0.09917641625615758
