0 0.3263007614213198 0.19582804568527917 0.09517766497461927 0.08883248730964466
0 0.3556472081218274 0.29933375634517767 0.09676395939086296 0.10231598984771573
0 0.48532677664974627 0.30012690355329946 0.13562817258883253 0.1070748730964467
0 0.5571065989847716 0.08320114213197968 0.06503807106598991 0.06503807106598984
0 0.5063451776649746 0.045526649746192874 0.06027918781725894 0.06583121827411167
0 0.7863261421319797 0.5400539340101522 0.09200507614213205 0.0888324873096446
0 0.8894352791878173 0.6098508883248731 0.09835025380710671 0.10152284263959399
0 0.44884200507614214 0.8418464467005076 0.09755710659898464 0.09597081218274095
0 0.5896732233502539 0.9603941941624365 0.12065355329949234 0.07608661167512698
0 0.3496986040609137 0.8930044416243653 0.10231598984771573 0.11897208121827418
0 0.24936548223350252 0.9243337563451776 0.10469543147208116 0.10390228426395942
0 0.5099143401015229 0.8267766497461928 0.07693527918781717 0.08486675126903531
0 0.6621986040609137 0.45241116751269034 0.086453045685279 0.0896256345177665
0 0.03586822660098532 0.39878386699507395 0.0431034482758621 0.04233374384236449
